[views/pihole_overview]
version = 7.2.6
modtime = 1557779334.675239000

[views/pihole_dns_activity]
version = 7.2.6
modtime = 1557779578.452834000

[views/pihole_dns_search]
version = 7.2.6
modtime = 1557780364.542443000
